#TEFF:4000 METALLICITY:p01 GRAVITY:4.5 VTURB:2.0 L/H: 1.25
#wav (A) 	 flux (ergs/cm**2/s/A)
90.9	0.0
93.5	0.0
96.1	0.0
97.7	0.0
99.6	0.0
102.0	0.0
103.8	0.0
105.6	0.0
107.7	0.0
110.4	0.0
114.0	0.0
117.8	0.0
121.3	0.0
124.8	0.0
127.1	0.0
128.4	0.0
130.5	0.0
132.4	0.0
133.9	0.0
136.6	0.0
139.8	0.0
143.3	0.0
147.2	0.0
151.0	0.0
155.2	0.0
158.8	0.0
162.0	0.0
166.0	0.0
170.3	0.0
173.4	0.0
176.8	0.0
180.2	0.0
181.7	0.0
186.1	0.0
191.0	0.0
193.9	0.0
198.4	0.0
201.8	0.0
205.0	0.0
210.5	0.0
216.2	0.0
219.8	0.0
223.0	0.0
226.8	0.0
230.0	0.0
234.0	0.0
240.0	0.0
246.5	0.0
252.4	0.0
256.8	0.0
260.0	0.0
264.0	0.0
268.5	0.0
273.5	0.0
278.5	0.0
284.0	0.0
290.0	0.0
296.0	0.0
301.0	0.0
308.0	0.0
318.0	0.0
328.0	0.0
338.0	0.0
348.0	0.0
357.0	0.0
366.0	0.0
375.0	0.0
385.0	0.0
395.0	0.0
405.0	0.0
414.0	0.0
422.0	0.0
430.0	0.0
441.0	0.0
451.0	0.0
460.0	0.0
470.0	0.0
480.0	0.0
490.0	0.0
500.0	0.0
506.0	0.0
512.0	0.0
520.0	0.0
530.0	0.0
540.0	0.0
550.0	0.0
560.0	0.0
570.0	0.0
580.0	0.0
590.0	0.0
600.0	0.0
610.0	0.0
620.0	0.0
630.0	0.0
640.0	0.0
650.0	0.0
658.0	0.0
665.0	0.0
675.0	0.0
685.0	0.0
695.0	0.0
705.0	0.0
716.0	0.0
726.0	0.0
735.0	0.0
745.0	0.0
755.0	0.0
765.0	0.0
775.0	0.0
785.0	0.0
795.0	0.0
805.0	0.0
815.0	0.0
825.0	0.0
835.0	0.0
845.0	0.0
855.0	0.0
865.0	0.0
875.0	0.0
885.0	0.0
895.0	0.0
905.0	0.0
915.0	0.0
925.0	1.58991174483e-13
935.0	2.30122367658e-13
945.0	3.93042758967e-13
955.0	3.81337387161e-13
965.0	8.78137815981e-13
975.0	9.64350145765e-13
985.0	1.63948445247e-12
995.0	2.8426572051e-12
1005.0	3.96636381897e-12
1015.0	5.83652826335e-12
1025.0	9.05633602094e-12
1035.0	2.01493219362e-11
1045.0	3.07582216472e-11
1055.0	3.37737034735e-11
1065.0	8.25190816528e-11
1075.0	1.22205069283e-10
1085.0	2.30365696878e-10
1095.0	3.36215607075e-10
1105.0	4.62176714596e-10
1115.0	6.61401398622e-10
1125.0	1.56130135579e-09
1135.0	2.83356786944e-09
1145.0	4.69963165982e-09
1155.0	7.1119596097e-09
1165.0	9.31632301281e-09
1175.0	1.51593741026e-08
1185.0	1.84530693548e-08
1195.0	2.08931531346e-08
1205.0	1.67860239461e-08
1215.0	8.16891166526e-09
1225.0	2.80289091928e-08
1235.0	8.07531567111e-08
1245.0	1.23587930993e-07
1255.0	1.8026662637e-07
1265.0	2.22808149041e-07
1275.0	3.17141462528e-07
1285.0	3.22065037318e-07
1295.0	4.1832669815e-07
1305.0	5.20606694141e-07
1315.0	6.60047041939e-07
1325.0	7.67297931379e-07
1335.0	8.76420578026e-07
1345.0	1.19810922105e-06
1355.0	1.54694720774e-06
1365.0	1.77070187459e-06
1375.0	1.87506555549e-06
1385.0	2.27834297474e-06
1395.0	2.67144616034e-06
1405.0	3.65775577864e-06
1415.0	4.57738527564e-06
1425.0	5.09829877605e-06
1435.0	7.21446916009e-06
1442.0	9.73888205501e-06
1447.0	8.58610041741e-06
1455.0	1.00771276219e-05
1465.0	1.5034147051e-05
1475.0	1.80664356993e-05
1485.0	1.95096716424e-05
1495.0	2.84913663175e-05
1505.0	3.90930344676e-05
1512.0	2.51384926753e-05
1517.0	3.647081985e-05
1525.0	5.39545856688e-05
1535.0	7.15883357887e-05
1545.0	5.87245452024e-05
1555.0	8.56730540017e-05
1565.0	8.75046720083e-05
1575.0	0.000152807290056
1585.0	0.0001654677516
1595.0	0.000167677081982
1605.0	0.000181188799744
1615.0	0.000201710275971
1625.0	0.000212938502902
1635.0	0.000269981151377
1645.0	0.000344193127748
1655.0	0.000347532794568
1665.0	0.000474492282541
1672.0	0.000454163079656
1677.0	0.000577310127937
1685.0	0.000739971487171
1695.0	0.000978391773112
1705.0	0.00106365078106
1715.0	0.001192045082
1725.0	0.00152806627532
1735.0	0.00176665146707
1745.0	0.00231158270339
1755.0	0.00244260735985
1765.0	0.00304159103357
1775.0	0.00297278031274
1785.0	0.00479539970166
1795.0	0.00432555662354
1805.0	0.00675880498922
1815.0	0.00555333511587
1825.0	0.00807874572576
1835.0	0.00762322970141
1845.0	0.0102980242842
1855.0	0.00913571890523
1865.0	0.0135820125299
1875.0	0.0133411641043
1885.0	0.016282095433
1895.0	0.0197564442424
1905.0	0.0213686362345
1915.0	0.0287331846663
1925.0	0.0259412249371
1935.0	0.0211315360363
1945.0	0.0352204281054
1955.0	0.0470134563619
1967.0	0.0514764895489
1976.0	0.0590367350721
1984.0	0.0724314230089
1995.0	0.0682038622735
2005.0	0.0784079179461
2015.0	0.0890319491793
2025.0	0.0873213502418
2035.0	0.106293491921
2045.0	0.112554118712
2055.0	0.131274670013
2065.0	0.130210205011
2074.0	0.127988362569
2078.0	0.206462591186
2085.0	0.26336511156
2095.0	0.286628372248
2105.0	0.267768430787
2115.0	0.278257477853
2125.0	0.315558429258
2135.0	0.393124398028
2145.0	0.328707840561
2155.0	0.38904382026
2165.0	0.391809358088
2175.0	0.427385458951
2185.0	0.409774496001
2195.0	0.621166998712
2205.0	0.5481943896
2215.0	0.649357591869
2225.0	0.600090562666
2235.0	0.908339234335
2245.0	1.01464967903
2255.0	1.21767610337
2265.0	0.76785577594
2275.0	1.30444654591
2285.0	1.3014370867
2295.0	2.0133298825
2305.0	0.948802270132
2315.0	2.44729792928
2325.0	2.04417624408
2335.0	2.98966303232
2345.0	2.01545317212
2355.0	1.86658613461
2365.0	2.38425379083
2375.0	2.3607634614
2385.0	3.68680595695
2395.0	3.47827770492
2405.0	5.70090420692
2415.0	3.91082473491
2425.0	4.78729906446
2435.0	6.66202653232
2445.0	8.71841767529
2455.0	9.97065686738
2465.0	6.95575636663
2475.0	11.4115061617
2485.0	5.24702644206
2495.0	6.00160418889
2505.0	10.506310244
2513.0	7.99947350539
2518.0	8.76209802401
2525.0	10.2953920093
2535.0	19.0925561058
2545.0	23.0062167815
2555.0	24.9371444838
2565.0	15.5176820327
2575.0	22.4818628434
2585.0	18.2848398823
2595.0	20.9301905182
2605.0	27.450391312
2615.0	26.036981937
2625.0	36.7218976871
2635.0	51.5109912748
2645.0	44.0859603547
2655.0	55.2842721021
2665.0	52.717395013
2675.0	46.2700030557
2685.0	60.3267228892
2695.0	47.1212848714
2705.0	67.8003094835
2715.0	68.6520448235
2725.0	63.0136949343
2735.0	65.4954676983
2745.0	87.2080834092
2755.0	83.7599199521
2765.0	105.45953017
2775.0	133.86009416
2785.0	99.1497298314
2795.0	125.765066466
2805.0	129.129818495
2815.0	132.470152184
2825.0	141.406061511
2835.0	132.513732823
2845.0	112.786656065
2855.0	67.3914901247
2865.0	158.007624279
2875.0	164.479856972
2885.0	223.010311953
2895.0	252.023796861
2910.0	294.202393036
2930.0	312.109060399
2950.0	310.523322771
2970.0	310.936666298
2990.0	354.985174706
3010.0	380.394708355
3030.0	434.36256536
3050.0	511.701655267
3070.0	535.465229124
3090.0	545.165681995
3110.0	721.794333128
3130.0	734.723934773
3150.0	964.44193014
3170.0	1360.46091311
3190.0	1126.39074293
3210.0	1358.94509256
3230.0	1402.36859625
3250.0	2156.83111724
3270.0	2863.93771425
3290.0	3670.92805714
3310.0	3083.81723575
3330.0	3561.90932748
3350.0	3455.39357918
3370.0	2360.29575321
3390.0	3045.11565531
3410.0	3329.45176135
3430.0	3658.69672667
3450.0	3338.07976969
3470.0	3342.78462665
3490.0	4458.45320171
3510.0	6168.56909465
3530.0	5801.02219526
3550.0	8366.11859187
3570.0	3774.89769711
3590.0	3423.11575168
3610.0	5323.62172101
3630.0	6861.58409096
3640.0	7863.8501372
3650.0	9432.01416932
3670.0	12755.2410354
3690.0	8922.37099316
3710.0	7002.51198749
3730.0	3574.34991505
3750.0	4409.74719554
3770.0	9997.44114982
3790.0	11086.232889
3810.0	9760.32926549
3830.0	4382.77530136
3850.0	7595.28161597
3870.0	6963.71066199
3890.0	7737.05887634
3910.0	11273.5188875
3930.0	4978.39219599
3950.0	9827.77416554
3970.0	6970.15705382
3990.0	20141.708474
4010.0	25864.3961781
4030.0	20930.7777356
4050.0	22064.286255
4070.0	18879.8901403
4090.0	31238.9472528
4110.0	21824.0944348
4130.0	23869.9961429
4150.0	22921.5682215
4170.0	24084.9084086
4190.0	24306.3427935
4210.0	18394.4063775
4230.0	9613.41753582
4250.0	18565.9705754
4270.0	19970.9272517
4290.0	20345.5088835
4310.0	21627.3530486
4330.0	32891.1608738
4350.0	37773.2951969
4370.0	39940.0935044
4390.0	31783.5601821
4410.0	32114.0691251
4430.0	34279.6282148
4450.0	37180.1690495
4470.0	43470.9491846
4490.0	45587.2619305
4510.0	56022.8874419
4530.0	42265.6686714
4550.0	49031.1452019
4570.0	55708.4089583
4590.0	51145.7621612
4610.0	53730.1957584
4630.0	53174.7063733
4650.0	50592.7935827
4670.0	56527.6811663
4690.0	53620.5731136
4710.0	49841.7579976
4730.0	48227.2318559
4750.0	46122.5298708
4770.0	37941.6409362
4790.0	42058.827457
4810.0	50868.3508617
4830.0	51619.9359824
4850.0	55822.7639936
4870.0	53464.0775294
4890.0	55892.4041389
4910.0	55639.4487674
4930.0	51618.0473171
4950.0	48869.7494437
4970.0	43849.4213372
4990.0	40039.5901352
5010.0	35215.3211807
5030.0	38503.5944283
5050.0	36448.8381639
5070.0	34618.845165
5090.0	33943.4847132
5110.0	35214.4571742
5130.0	33562.0281933
5150.0	31348.6437182
5170.0	30089.2751694
5190.0	33914.6193405
5210.0	40074.8941336
5230.0	58795.8366733
5250.0	65698.1915578
5270.0	51105.1209328
5290.0	68511.5021531
5310.0	75331.6786426
5330.0	62139.959271
5350.0	69533.8349524
5370.0	67835.8550224
5390.0	67101.1884645
5410.0	66136.8501138
5430.0	65339.4209782
5450.0	61671.3029836
5470.0	66316.0647495
5490.0	68089.6636454
5510.0	64787.9386492
5530.0	73963.6222975
5550.0	75518.20924
5570.0	74283.0610777
5590.0	67065.4919308
5610.0	70834.6972773
5630.0	76523.5975501
5650.0	81582.8040376
5670.0	79235.5730873
5690.0	81894.4980107
5710.0	78622.1791546
5730.0	87015.2245537
5750.0	86340.227904
5770.0	85391.53631
5790.0	82331.7918473
5810.0	84931.1755534
5830.0	88106.9067315
5850.0	83739.5299734
5870.0	78763.0687768
5890.0	40049.9861884
5910.0	70725.8577812
5930.0	82720.4468299
5950.0	84185.7699656
5970.0	86840.0443421
5990.0	86670.5267498
6010.0	86675.6359726
6030.0	89853.0621432
6050.0	91512.3593534
6070.0	91260.1800772
6090.0	89206.7689229
6110.0	88141.8944824
6130.0	80738.423738
6150.0	87435.0083733
6170.0	70624.5444926
6190.0	84798.5744845
6210.0	81998.8239576
6230.0	78754.3291475
6250.0	77391.5429497
6270.0	81031.7900411
6290.0	84965.229376
6310.0	83938.0632906
6330.0	85189.1847989
6350.0	85976.8115646
6370.0	86294.8108268
6390.0	88163.6711231
6410.0	85483.8368756
6430.0	84742.6032388
6450.0	81205.7258386
6470.0	80890.6596158
6490.0	81161.5689083
6510.0	86619.8675371
6530.0	88789.8461825
6550.0	86969.6855024
6570.0	87086.9069745
6590.0	87711.941608
6610.0	88149.429941
6630.0	88109.4609698
6650.0	88698.8415506
6670.0	84670.383731
6690.0	81170.723232
6710.0	75507.2610828
6730.0	76495.4647882
6750.0	74582.1127337
6770.0	74508.3965684
6790.0	73088.2335393
6810.0	75025.5253794
6830.0	77395.1919915
6850.0	76886.4071516
6870.0	78294.1641783
6890.0	80644.2034092
6910.0	82670.6674085
6930.0	82731.0300672
6950.0	84707.1573269
6970.0	87535.5544407
6990.0	86924.909128
7010.0	88857.7180504
7030.0	90360.7270278
7050.0	91875.4332329
7070.0	87877.7209641
7090.0	76987.6092457
7110.0	67416.4013472
7130.0	63736.3192103
7150.0	61955.2509907
7170.0	66345.2980839
7190.0	66463.8408146
7210.0	67081.7783025
7230.0	72928.0544207
7250.0	75474.9792478
7270.0	79348.4689575
7290.0	81463.4716926
7310.0	84530.3636434
7330.0	84649.9999129
7350.0	86726.0221875
7370.0	89760.7327453
7390.0	90137.3900722
7410.0	90333.9619766
7430.0	92096.5402568
7450.0	91699.9515241
7470.0	93417.6914656
7490.0	93432.4775833
7510.0	94402.5640749
7530.0	95382.1886834
7550.0	95682.1926827
7570.0	95438.850976
7590.0	94702.3621797
7610.0	93615.0961625
7630.0	90601.6724706
7650.0	87065.1905877
7670.0	79370.3015584
7690.0	82040.2655538
7710.0	79607.9669728
7730.0	81017.8018437
7750.0	80555.2629288
7770.0	80781.6703644
7790.0	82555.9210013
7810.0	82369.5581131
7830.0	81103.358703
7850.0	79907.3572583
7870.0	83494.9747323
7890.0	82503.9539302
7910.0	81943.5242035
7930.0	82903.6993717
7950.0	82691.0631749
7970.0	85231.0341796
7990.0	86002.3570736
8010.0	87077.9853412
8030.0	86974.8640575
8050.0	87709.0422626
8070.0	88444.0896731
8090.0	88552.4224241
8110.0	89957.6560744
8130.0	91352.5429571
8150.0	91739.7192413
8170.0	91627.9659389
8190.0	84003.0837826
8210.0	90430.407884
8230.0	91505.1515097
8250.0	91066.4326046
8270.0	92441.2204595
8290.0	91934.6495967
8310.0	89955.8405734
8330.0	87057.4116134
8350.0	89065.9539605
8370.0	88790.5932327
8390.0	83154.8958257
8410.0	87757.2428841
8430.0	81009.2545121
8450.0	78417.7548134
8470.0	78971.379942
8490.0	78920.0055293
8510.0	75672.4463545
8530.0	78890.2582751
8550.0	71061.9159704
8570.0	82057.8118178
8590.0	82509.0392226
8610.0	83161.438922
8630.0	84354.3534955
8650.0	84734.0158613
8670.0	73890.3305671
8690.0	80597.2035409
8710.0	86099.7240448
8730.0	86527.8017058
8750.0	86449.8662886
8770.0	86305.4780802
8790.0	87321.6573711
8810.0	84708.564285
8830.0	84809.7413982
8850.0	87010.52897
8870.0	86534.7607898
8890.0	87890.7589683
8910.0	87949.7852552
8930.0	86759.2829852
8950.0	86300.8556415
8970.0	86683.9860773
8990.0	87177.8474404
9010.0	83559.9358361
9030.0	86065.2954446
9050.0	87636.287408
9070.0	87596.4270661
9090.0	84660.7536053
9110.0	85246.6947618
9130.0	86481.2564415
9150.0	86372.168526
9170.0	86355.903308
9190.0	86874.9636449
9210.0	84649.6356762
9230.0	84350.0481643
9250.0	83372.5234549
9270.0	82971.2953783
9290.0	81808.5372347
9310.0	82965.4505688
9330.0	82837.4395572
9350.0	81965.6190468
9370.0	80871.7001998
9390.0	82397.6113439
9410.0	81164.0746175
9430.0	82107.9957873
9450.0	80683.2052358
9470.0	82308.3834002
9490.0	82474.4580498
9510.0	82157.7604573
9530.0	81955.2233817
9550.0	80484.8368644
9570.0	81068.6042659
9590.0	82484.5610297
9610.0	80946.9923552
9630.0	81849.2449511
9650.0	78580.7308365
9670.0	79031.8769888
9690.0	81126.1230799
9710.0	80054.5873065
9730.0	79206.4968112
9750.0	79689.2110054
9770.0	80343.194058
9790.0	78185.4311342
9810.0	81302.9971221
9830.0	80224.7917441
9850.0	81348.5123736
9870.0	80871.450475
9890.0	80765.3762751
9910.0	80598.446244
9930.0	80401.8010445
9950.0	80375.6593287
9970.0	80288.7602066
9990.0	80289.0259371
10025.0	79475.8287174
10075.0	78925.2206972
10125.0	78948.9113355
10175.0	78209.6553375
10225.0	77690.3711198
10275.0	77580.6891507
10325.0	76119.644279
10375.0	75886.2660183
10425.0	76147.6187967
10475.0	75332.2448788
10525.0	75478.8036955
10575.0	74600.5355977
10625.0	74603.7992313
10675.0	73572.461916
10725.0	73344.1749226
10775.0	73018.8242081
10825.0	71808.5836387
10875.0	72242.3380466
10925.0	72439.1036344
10975.0	71865.1931635
11025.0	71688.3815631
11075.0	71558.2656145
11125.0	71061.8262571
11175.0	70386.5380924
11225.0	70381.8786621
11275.0	69023.2630377
11325.0	69128.0569791
11375.0	67907.6799538
11425.0	66802.4337843
11475.0	68334.3696634
11525.0	68361.1612436
11575.0	67496.6212135
11625.0	66016.5938823
11675.0	66263.9357299
11725.0	66927.7213941
11775.0	65231.863653
11825.0	64921.5107256
11875.0	64076.1949899
11925.0	65582.8036051
11975.0	62753.3541907
12025.0	64591.9340182
12075.0	63809.3293148
12125.0	64099.8269726
12175.0	63976.8929256
12225.0	63629.15356
12275.0	63175.514463
12325.0	62794.2278546
12375.0	62663.6895375
12425.0	62039.9706776
12475.0	62092.668214
12525.0	61347.5642677
12575.0	61429.4367338
12625.0	61043.5163573
12675.0	60450.8972338
12725.0	60511.8349691
12775.0	60502.0011209
12825.0	58664.1742952
12875.0	59377.7267214
12925.0	58533.3813368
12975.0	59295.825403
13025.0	58693.0151304
13075.0	58839.4581534
13125.0	56945.8289237
13175.0	57343.4344445
13225.0	57983.6651197
13275.0	57168.3349178
13325.0	57170.6620271
13375.0	57196.4941793
13425.0	57227.0096996
13475.0	56994.6304751
13525.0	56752.6448418
13575.0	56223.0964242
13625.0	55641.6416956
13675.0	56070.7252042
13725.0	56141.9692217
13775.0	55768.3232004
13825.0	55754.6584283
13875.0	55046.7713872
13925.0	55463.8610318
13975.0	55333.2521774
14025.0	54614.7880312
14075.0	55031.0105287
14125.0	54544.4309206
14175.0	54794.4247924
14225.0	54193.5974805
14275.0	52697.9899856
14325.0	54118.9444205
14375.0	54108.7190071
14425.0	53157.964757
14475.0	53875.9171511
14525.0	53322.3304183
14570.0	53271.6698205
14620.0	53537.6735686
14675.0	53439.2026106
14725.0	52767.191918
14775.0	52763.5962051
14825.0	52945.7237519
14875.0	51721.8944049
14925.0	53188.770127
14975.0	52664.3976598
15025.0	49792.633853
15075.0	51132.9718001
15125.0	52526.6035995
15175.0	52229.2034881
15225.0	52363.9530286
15275.0	52562.6350056
15325.0	52310.8396013
15375.0	52635.7006621
15425.0	52720.8972264
15475.0	52637.3967352
15525.0	52020.2778063
15575.0	51868.4848069
15625.0	52218.5698363
15675.0	51527.250521
15725.0	51660.7992714
15775.0	49579.7774628
15825.0	51061.4366894
15875.0	50269.223149
15925.0	51002.5974401
15975.0	51060.9211064
16050.0	51149.264163
16150.0	50329.2942842
16250.0	50161.3450294
16350.0	50135.0310389
16450.0	49009.9639028
16550.0	48747.8445593
16650.0	47532.497178
16750.0	46076.5447322
16850.0	45739.2763717
16950.0	45310.736606
17050.0	43920.7127347
17150.0	42928.9121151
17250.0	42299.6390645
17350.0	41616.2494247
17450.0	40858.0783639
17550.0	40103.7292052
17650.0	39528.3654065
17750.0	38600.8510809
17850.0	38189.3189756
17950.0	37376.0695149
18050.0	36493.7926636
18150.0	35996.2992319
18250.0	35221.2539134
18350.0	34494.7515914
18450.0	33435.7728512
18550.0	33407.3184647
18650.0	32514.7760297
18750.0	31973.5984717
18850.0	31497.7296458
18950.0	30264.5517294
19050.0	30487.0885775
19150.0	29841.7028866
19250.0	29397.3581956
19350.0	28095.847208
19450.0	27285.4504567
19550.0	27425.104497
19650.0	27385.0391679
19750.0	25584.3392838
19850.0	25653.6170051
19950.0	25689.3405948
20050.0	25783.4825477
20150.0	25364.2852729
20250.0	24675.0074683
20350.0	24354.1895744
20450.0	24106.5531115
20550.0	23658.8304539
20650.0	23173.6341319
20750.0	22858.2066568
20850.0	22459.4787989
20950.0	21878.09919
21050.0	21731.6168403
21150.0	21300.0774612
21250.0	21025.7210128
21350.0	20766.7389419
21450.0	20423.698189
21550.0	20079.0146772
21650.0	19785.2245108
21750.0	19335.6431466
21850.0	19116.9909071
21950.0	18796.9766942
22050.0	18034.9331894
22150.0	18285.5236065
22250.0	17706.716772
22350.0	17555.2236165
22450.0	17321.2560988
22550.0	17157.35933
22650.0	16650.3155433
22750.0	16645.5951997
22850.0	16267.6764937
22950.0	14488.666787
23050.0	15109.739631
23150.0	15019.2009196
23250.0	13377.9048156
23350.0	13933.2857425
23450.0	14134.7221709
23550.0	12621.9299305
23650.0	13348.3479996
23750.0	13378.084805
23850.0	12082.4019789
23950.0	12627.1865713
24050.0	12733.3497274
24150.0	11713.6607948
24250.0	12056.6974288
24350.0	12166.6928087
24450.0	11519.7453218
24550.0	11396.2444245
24650.0	11697.6895798
24750.0	11306.7730349
24850.0	10892.6288194
24950.0	11131.5261773
25050.0	11207.6545866
25150.0	10585.9705377
25250.0	10751.0318749
25350.0	10711.6302777
25450.0	10442.9385982
25550.0	10337.4730176
25650.0	10274.7970094
25750.0	10249.8558173
25850.0	9890.30560421
25950.0	9896.14168181
26050.0	9858.3024676
26150.0	9731.75492571
26250.0	9562.03340325
26350.0	9490.88934796
26450.0	9373.4087947
26550.0	9286.34572927
26650.0	9069.46872647
26750.0	9150.09839493
26850.0	9020.10716336
26950.0	8877.34297239
27050.0	8798.71674014
27150.0	8703.92423737
27250.0	8599.78674907
27350.0	8485.71495274
27450.0	8408.48412231
27550.0	8327.80416991
27650.0	8195.13170605
27750.0	8084.00667526
27850.0	8005.95803055
27950.0	7933.03873423
28050.0	7824.75642552
28150.0	7709.48668056
28250.0	7630.96122398
28350.0	7557.45296609
28450.0	7452.56414135
28550.0	7361.09416228
28650.0	7274.73501085
28750.0	7195.92573667
28850.0	7103.62492505
28950.0	7016.71795052
29050.0	6918.75887559
29150.0	6839.2643461
29250.0	6675.89557726
29350.0	6664.93545636
29450.0	6594.17068585
29550.0	6517.3430335
29650.0	6446.17426306
29750.0	6372.08753042
29850.0	6284.71595609
29950.0	6202.71206381
30050.0	6135.93451708
30150.0	6069.24537575
30250.0	5982.33484935
30350.0	5919.21859866
30450.0	5857.77104957
30550.0	5780.93904884
30650.0	5706.57902483
30750.0	5649.86619241
30850.0	5555.65260015
30950.0	5513.86338907
31050.0	5453.2172004
31150.0	5354.61466636
31250.0	5326.23272581
31350.0	5262.10958027
31450.0	5201.72395095
31550.0	5137.17813257
31650.0	5068.25520664
31750.0	5027.45762539
31850.0	4969.3398769
31950.0	4913.90588018
32100.0	4827.64749526
32300.0	4715.46189054
32500.0	4611.62400718
32700.0	4505.76045088
32900.0	4407.38480257
33100.0	4306.39890472
33300.0	4206.43242704
33500.0	4125.63575081
33700.0	4032.46448274
33900.0	3939.63305289
34100.0	3844.05496064
34300.0	3778.97147629
34500.0	3701.28138652
34700.0	3622.13844396
34900.0	3546.03816258
35100.0	3474.35224984
35300.0	3398.04402314
35500.0	3330.3665241
35700.0	3259.51878046
35900.0	3192.83003585
36100.0	3129.94542978
36300.0	3066.65645287
36500.0	3001.18747408
36700.0	2936.95957599
36900.0	2871.96247248
37100.0	2813.2020165
37300.0	2766.0917446
37500.0	2707.24581272
37700.0	2659.82515558
37900.0	2606.99075673
38100.0	2558.4206293
38300.0	2510.92456761
38500.0	2462.65675062
38700.0	2403.64016296
38900.0	2366.50624223
39100.0	2324.70980016
39300.0	2280.72786583
39500.0	2228.86877923
39700.0	2192.58269729
39900.0	2139.77405937
40100.0	2108.60174998
40300.0	2075.541625
40500.0	2030.60155975
40700.0	1998.74910573
40900.0	1963.29910593
41100.0	1927.20046733
41300.0	1894.16794369
41500.0	1859.07008358
41700.0	1825.9360412
41900.0	1785.49332759
42100.0	1753.8537906
42300.0	1731.77899943
42500.0	1698.42282226
42700.0	1671.36897343
42900.0	1568.98244207
43100.0	1467.88739388
43300.0	1466.67074922
43500.0	1381.08115465
43700.0	1328.24908081
43900.0	1294.98718581
44100.0	1231.33477062
44300.0	1203.42270566
44500.0	1183.22833682
44700.0	1129.28742668
44900.0	1131.01199786
45100.0	1093.3380138
45300.0	1064.85935137
45500.0	1062.99070991
45700.0	1054.74051726
45900.0	1016.09922339
46100.0	1024.06037467
46300.0	1004.9674078
46500.0	1001.99797189
46700.0	1001.55801026
46900.0	980.617816824
47100.0	962.280261845
47300.0	972.329922802
47500.0	944.547211605
47700.0	933.612603075
47900.0	929.321210367
48100.0	899.166162211
48300.0	910.921148675
48500.0	894.617145153
48700.0	871.36991311
48900.0	857.762413129
49100.0	853.051996065
49300.0	835.77127942
49500.0	820.148476468
49700.0	818.112304264
49900.0	808.834395382
50100.0	794.745445449
50300.0	786.423622775
50500.0	767.099572465
50700.0	764.43000623
50900.0	755.472226752
51100.0	739.030584344
51300.0	741.914252994
51500.0	724.317115982
51700.0	723.681444993
51900.0	708.48743875
52100.0	704.63779681
52300.0	689.964677091
52500.0	686.871427581
52700.0	684.161386837
52900.0	665.606726963
53100.0	659.634633666
53300.0	654.915175735
53500.0	647.59779494
53700.0	642.055228323
53900.0	634.802050068
54100.0	627.494978134
54300.0	613.292956111
54500.0	613.402469236
54700.0	604.977410908
54900.0	597.275308243
55100.0	590.69584216
55300.0	593.51865984
55500.0	575.038967487
55700.0	576.782256124
55900.0	566.646994437
56100.0	561.308917426
56300.0	551.577490721
56500.0	549.642201875
56700.0	543.468188717
56900.0	533.431880939
57100.0	532.221010669
57300.0	524.832430074
57500.0	519.174798267
57700.0	511.808936074
57900.0	509.048292995
58100.0	500.149959999
58300.0	495.224833604
58500.0	490.188810645
58700.0	482.182030953
58900.0	477.072366009
59100.0	472.810354454
59300.0	467.299039677
59500.0	461.300590341
59700.0	457.415886413
59900.0	451.767927392
60100.0	446.740984988
60300.0	441.185295952
60500.0	434.628421112
60700.0	429.759289526
60900.0	425.170971237
61100.0	419.372645368
61300.0	415.340152154
61500.0	410.709128263
61700.0	406.011199617
61900.0	401.576567209
62100.0	397.167227531
62300.0	392.165045064
62500.0	386.90399194
62700.0	381.968881175
62900.0	378.444967088
63100.0	373.595158266
63300.0	370.407603358
63500.0	365.401449149
63700.0	362.083569264
63900.0	356.729537713
64200.0	351.206772899
64600.0	343.020398859
65000.0	335.22118564
65400.0	327.677650859
65800.0	320.340681371
66200.0	312.985558978
66600.0	305.952465896
67000.0	299.097906527
67400.0	292.304839837
67800.0	285.755134826
68200.0	279.267627992
68600.0	273.2428263
69000.0	267.206321261
69400.0	261.321553294
69800.0	255.639889402
70200.0	249.973049969
70600.0	244.616345265
71000.0	239.37009392
71400.0	234.231602339
71800.0	229.19244021
72200.0	224.359530918
72600.0	219.601860281
73000.0	214.996591619
73400.0	210.367102634
73800.0	206.061766175
74200.0	201.51552382
74600.0	197.469473167
75000.0	193.38079193
75400.0	189.320068866
75800.0	185.80366033
76200.0	182.035510428
76600.0	178.376604478
77000.0	174.768536318
77400.0	171.315409183
77800.0	167.928828261
78200.0	164.612200907
78600.0	161.373628039
79000.0	158.211254554
79400.0	155.147052749
79800.0	152.150307632
80200.0	149.079635219
80600.0	146.302241501
81000.0	143.526610246
81400.0	140.802861668
81800.0	138.170198831
82200.0	135.57311327
82600.0	133.028520217
83000.0	130.543970897
83400.0	128.040510754
83800.0	125.6428226
84200.0	123.407438097
84600.0	121.120650028
85000.0	118.937730327
85400.0	116.806740652
85800.0	114.710227027
86200.0	112.647507111
86600.0	110.637902224
87000.0	108.648525768
87400.0	106.737945429
87800.0	104.845925816
88200.0	102.991467548
88600.0	101.192881997
89000.0	99.4148276011
89400.0	97.7057333001
89800.0	95.9375718765
90200.0	94.3626759077
90600.0	92.7497023877
91000.0	91.0419120128
91400.0	89.5828939695
91800.0	88.0355129096
92200.0	86.6208792707
92600.0	85.1644184143
93000.0	83.7436210577
93400.0	82.3439866997
93800.0	80.9821667169
94200.0	79.6472157688
94600.0	78.3318998142
95000.0	77.0491530561
95400.0	75.7917085967
95800.0	74.5656011651
96200.0	73.3604626954
96600.0	72.1758994362
97000.0	71.0178987816
97400.0	69.8290453688
97800.0	68.7637925576
98200.0	67.6793464713
98600.0	66.6101988206
99000.0	65.5622032933
99400.0	64.5319198566
99800.0	63.5280542904
100200.0	62.5381297321
200000.0	4.0720060089
400000.0	0.256716029191
600000.0	0.0507098942707
800000.0	0.0160145383658
1000000.0	0.00654356998077
1200000.0	0.00314761261979
1400000.0	0.00169474511971
1600000.0	0.000990954601405
